1230000000000000
1203000000000000
1200300000000000
1200030000000000
1200003000000000
1200000300000000
1200000030000000
1200000003000000
1200000000300000
1200000000030000
1200000000003000
1200000000000300
1200000000000030
1200000000000003
1023000000000000
1020300000000000
1020030000000000
1020003000000000
1020000300000000
1020000030000000
1020000003000000
1020000000300000
1020000000030000
1020000000003000
1020000000000300
1020000000000030
1020000000000003
1002300000000000
1002030000000000
1002003000000000
1002000300000000
1002000030000000
1002000003000000
1002000000300000
1002000000030000
1002000000003000
1002000000000300
1002000000000030
1002000000000003
1000230000000000
1000203000000000
1000200300000000
1000200030000000
1000200003000000
1000200000300000
1000200000030000
1000200000003000
1000200000000300
1000200000000030
1000200000000003
1000023000000000
1000020300000000
1000020030000000
1000020003000000
1000020000300000
1000020000030000
1000020000003000
1000020000000300
1000020000000030
1000020000000003
1000002300000000
1000002030000000
1000002003000000
1000002000300000
1000002000030000
1000002000003000
1000002000000300
1000002000000030
1000002000000003
1000000230000000
1000000203000000
1000000200300000
1000000200030000
1000000200003000
1000000200000300
1000000200000030
1000000200000003
1000000023000000
1000000020300000
1000000020030000
1000000020003000
1000000020000300
1000000020000030
1000000020000003
1000000002300000
1000000002030000
1000000002003000
1000000002000300
1000000002000030
1000000002000003
1000000000230000
1000000000203000
1000000000200300
1000000000200030
1000000000200003
1000000000023000
1000000000020300
1000000000020030
1000000000020003
1000000000002300
1000000000002030
1000000000002003
1000000000000230
1000000000000203
1000000000000023
0123000000000000
0120300000000000
0120030000000000
0120003000000000
0120000300000000
0120000030000000
0120000003000000
0120000000300000
0120000000030000
0120000000003000
0120000000000300
0120000000000030
0120000000000003
0102300000000000
0102030000000000
0102003000000000
0102000300000000
0102000030000000
0102000003000000
0102000000300000
0102000000030000
0102000000003000
0102000000000300
0102000000000030
0102000000000003
0100230000000000
0100203000000000
0100200300000000
0100200030000000
0100200003000000
0100200000300000
0100200000030000
0100200000003000
0100200000000300
0100200000000030
0100200000000003
0100023000000000
0100020300000000
0100020030000000
0100020003000000
0100020000300000
0100020000030000
0100020000003000
0100020000000300
0100020000000030
0100020000000003
0100002300000000
0100002030000000
0100002003000000
0100002000300000
0100002000030000
0100002000003000
0100002000000300
0100002000000030
0100002000000003
0100000230000000
0100000203000000
0100000200300000
0100000200030000
0100000200003000
0100000200000300
0100000200000030
0100000200000003
0100000023000000
0100000020300000
0100000020030000
0100000020003000
0100000020000300
0100000020000030
0100000020000003
0100000002300000
0100000002030000
0100000002003000
0100000002000300
0100000002000030
0100000002000003
0100000000230000
0100000000203000
0100000000200300
0100000000200030
0100000000200003
0100000000023000
0100000000020300
0100000000020030
0100000000020003
0100000000002300
0100000000002030
0100000000002003
0100000000000230
0100000000000203
0100000000000023
0012300000000000
0012030000000000
0012003000000000
0012000300000000
0012000030000000
0012000003000000
0012000000300000
0012000000030000
0012000000003000
0012000000000300
0012000000000030
0012000000000003
0010230000000000
0010203000000000
0010200300000000
0010200030000000
0010200003000000
0010200000300000
0010200000030000
0010200000003000
0010200000000300
0010200000000030
0010200000000003
0010023000000000
0010020300000000
0010020030000000
0010020003000000
0010020000300000
0010020000030000
0010020000003000
0010020000000300
0010020000000030
0010020000000003
0010002300000000
0010002030000000
0010002003000000
0010002000300000
0010002000030000
0010002000003000
0010002000000300
0010002000000030
0010002000000003
0010000230000000
0010000203000000
0010000200300000
0010000200030000
0010000200003000
0010000200000300
0010000200000030
0010000200000003
0010000023000000
0010000020300000
0010000020030000
0010000020003000
0010000020000300
0010000020000030
0010000020000003
0010000002300000
0010000002030000
0010000002003000
0010000002000300
0010000002000030
0010000002000003
0010000000230000
0010000000203000
0010000000200300
0010000000200030
0010000000200003
0010000000023000
0010000000020300
0010000000020030
0010000000020003
0010000000002300
0010000000002030
0010000000002003
0010000000000230
0010000000000203
0010000000000023
0001230000000000
0001203000000000
0001200300000000
0001200030000000
0001200003000000
0001200000300000
0001200000030000
0001200000003000
0001200000000300
0001200000000030
0001200000000003
0001023000000000
0001020300000000
0001020030000000
0001020003000000
0001020000300000
0001020000030000
0001020000003000
0001020000000300
0001020000000030
0001020000000003
0001002300000000
0001002030000000
0001002003000000
0001002000300000
0001002000030000
0001002000003000
0001002000000300
0001002000000030
0001002000000003
0001000230000000
0001000203000000
0001000200300000
0001000200030000
0001000200003000
0001000200000300
0001000200000030
0001000200000003
0001000023000000
0001000020300000
0001000020030000
0001000020003000
0001000020000300
0001000020000030
0001000020000003
0001000002300000
0001000002030000
0001000002003000
0001000002000300
0001000002000030
0001000002000003
0001000000230000
0001000000203000
0001000000200300
0001000000200030
0001000000200003
0001000000023000
0001000000020300
0001000000020030
0001000000020003
0001000000002300
0001000000002030
0001000000002003
0001000000000230
0001000000000203
0001000000000023
0000123000000000
0000120300000000
0000120030000000
0000120003000000
0000120000300000
0000120000030000
0000120000003000
0000120000000300
0000120000000030
0000120000000003
0000102300000000
0000102030000000
0000102003000000
0000102000300000
0000102000030000
0000102000003000
0000102000000300
0000102000000030
0000102000000003
0000100230000000
0000100203000000
0000100200300000
0000100200030000
0000100200003000
0000100200000300
0000100200000030
0000100200000003
0000100023000000
0000100020300000
0000100020030000
0000100020003000
0000100020000300
0000100020000030
0000100020000003
0000100002300000
0000100002030000
0000100002003000
0000100002000300
0000100002000030
0000100002000003
0000100000230000
0000100000203000
0000100000200300
0000100000200030
0000100000200003
0000100000023000
0000100000020300
0000100000020030
0000100000020003
0000100000002300
0000100000002030
0000100000002003
0000100000000230
0000100000000203
0000100000000023
0000012300000000
0000012030000000
0000012003000000
0000012000300000
0000012000030000
0000012000003000
0000012000000300
0000012000000030
0000012000000003
0000010230000000
0000010203000000
0000010200300000
0000010200030000
0000010200003000
0000010200000300
0000010200000030
0000010200000003
0000010023000000
0000010020300000
0000010020030000
0000010020003000
0000010020000300
0000010020000030
0000010020000003
0000010002300000
0000010002030000
0000010002003000
0000010002000300
0000010002000030
0000010002000003
0000010000230000
0000010000203000
0000010000200300
0000010000200030
0000010000200003
0000010000023000
0000010000020300
0000010000020030
0000010000020003
0000010000002300
0000010000002030
0000010000002003
0000010000000230
0000010000000203
0000010000000023
0000001230000000
0000001203000000
0000001200300000
0000001200030000
0000001200003000
0000001200000300
0000001200000030
0000001200000003
0000001023000000
0000001020300000
0000001020030000
0000001020003000
0000001020000300
0000001020000030
0000001020000003
0000001002300000
0000001002030000
0000001002003000
0000001002000300
0000001002000030
0000001002000003
0000001000230000
0000001000203000
0000001000200300
0000001000200030
0000001000200003
0000001000023000
0000001000020300
0000001000020030
0000001000020003
0000001000002300
0000001000002030
0000001000002003
0000001000000230
0000001000000203
0000001000000023
0000000123000000
0000000120300000
0000000120030000
0000000120003000
0000000120000300
0000000120000030
0000000120000003
0000000102300000
0000000102030000
0000000102003000
0000000102000300
0000000102000030
0000000102000003
0000000100230000
0000000100203000
0000000100200300
0000000100200030
0000000100200003
0000000100023000
0000000100020300
0000000100020030
0000000100020003
0000000100002300
0000000100002030
0000000100002003
0000000100000230
0000000100000203
0000000100000023
0000000012300000
0000000012030000
0000000012003000
0000000012000300
0000000012000030
0000000012000003
0000000010230000
0000000010203000
0000000010200300
0000000010200030
0000000010200003
0000000010023000
0000000010020300
0000000010020030
0000000010020003
0000000010002300
0000000010002030
0000000010002003
0000000010000230
0000000010000203
0000000010000023
0000000001230000
0000000001203000
0000000001200300
0000000001200030
0000000001200003
0000000001023000
0000000001020300
0000000001020030
0000000001020003
0000000001002300
0000000001002030
0000000001002003
0000000001000230
0000000001000203
0000000001000023
0000000000123000
0000000000120300
0000000000120030
0000000000120003
0000000000102300
0000000000102030
0000000000102003
0000000000100230
0000000000100203
0000000000100023
0000000000012300
0000000000012030
0000000000012003
0000000000010230
0000000000010203
0000000000010023
0000000000001230
0000000000001203
0000000000001023
0000000000000123
